
12
2 1 2
2 2 3
2 3 4
2 4 8
1 8 12
1 12 16
1 16 15
1 15 14 
1 14 13
1 13 9
1 9 5
1 5 1  -  4x4, x: 0-3, y: 0-3, II bounds

12
1 1 2
1 2 3
1 3 4
1 4 8
1 8 12
1 12 16
1 16 15
1 15 14 
1 14 13
1 13 9
1 9 5
1 5 1  -  4x4, x: 0-3, y: 0-3

12
1 1 2
3 2 3 1
3 3 4 1
1 4 8
1 8 12
1 12 16
1 16 15
1 15 14 
1 14 13
1 13 9
1 9 5
1 5 1  -  4x4, x: 0-3, y: 0-3, III bounds





8
1 1 2
1 2 3
1 3 6
1 6 9
1 9 8
1 8 7
1 7 4
1 4 1	-	3x3, x: 0-2, y: 0-2 
30
1 1 2
1 2 3
1 3 4
1 4 5
1 5 6
1 6 7
1 7 8
1 8 9
1 9 10
1 10 11
1 11 12
1 12 13
1 13 26 
1 26 39
1 39 52
1 52 51
1 51 50
1 50 49
1 49 48
1 48 47
1 47 46
1 46 45
1 45 44
1 44 43
1 43 42
1 42 41
1 41 40
1 40 27
1 27 14
1 14 1	-  13x4, x: 0-3, y: 0-3


18
1 1 2 
1 2 3
1 3 4
1 4 5
1 5 6 
1 6 7
1 7 14
1 14 21
1 21 28
1 28 27
1 27 26
1 26 25
1 25 24
1 24 23
1 23 22
1 22 15
1 15 8
1 8 1		-  7x4, x: 0-3, y: 0-3





bn k1 k2 ~/theta/beta (1/2/3)