
52
0    0
.25  0
.5   0
.75  0
1    0
1.25 0
1.5  0
1.75 0
2    0
2.25 0
2.5  0
2.75 0
3    0
0    1
.25  1
.5   1
.75  1
1    1
1.25 1
1.5  1
1.75 1
2    1
2.25 1
2.5  1
2.75 1
3    1
0    2
.25  2
.5   2
.75  2
1    2
1.25 2
1.5  2
1.75 2
2    2
2.25 2
2.5  2
2.75 2
3    2
0    3
.25  3
.5   3
.75  3
1    3
1.25 3
1.5  3
1.75 3
2    3
2.25 3
2.5  3
2.75 3
3    3	-  13x4, x: 0-3, y: 0-3

28
0   0
 .5 0
1   0
1.5 0
2   0
2.5 0
3   0
0   1
 .5 1
1   1
1.5 1
2   1
2.5 1
3   1
0   2
 .5 2
1   2
1.5 2
2   2
2.5 2
3   2
0   3
 .5 3
1   3
1.5 3
2   3
2.5 3
3   3	  -  7x4, x: 0-3, y: 0-3

16
0 0
1 0
2 0
3 0
0 1
1 1
2 1
3 1
0 2
1 2
2 2
3 2
0 3
1 3
2 3
3 3	-  4x4, x: 0-3, y: 0-3





n
x y
. \
.  | n-2
. /
x y 