
36
1 2 14 15
2 3 15 16
3 4 16 17 
4 5 17 18
5 6 18 19
6 7 19 20
7 8 20 21
8 9 21 22
9 10 22 23
10 11 23 24
11 12 24 25
12 13 25 26
14 15 27 28
15 16 28 29
16 17 29 30
17 18 30 31
18 19 31 32
19 20 32 33
20 21 33 34
21 22 34 35 
22 23 35 36
23 24 36 37
24 25 37 38
25 26 38 39
27 28 40 41
28 29 41 42
29 30 42 43
30 31 43 44 
31 32 44 45
32 33 45 46
33 34 46 47
34 35 47 48
35 36 48 49
36 37 49 50
37 38 50 51
38 39 51 52  -  13x4, x: 0-3, y: 0-3


18 
1 2 8 9
2 3 9 10
3 4 10 11
4 5 11 12
5 6 12 13
6 7 13 14
8 9 15 16
9 10 16 17
10 11 17 18
11 12 18 19
12 13 19 20
13 14 20 21
15 16 22 23
16 17 23 24
17 18 24 25
18 19 25 26 
19 20 26 27
20 21 27 28	 -  7x4, x: 0-3, y: 0-3

9 
1 2 5 6
2 3 6 7
3 4 7 8
5 6 9 10
6 7 10 11
7 8 11 12
9 10 13 14
10 11 14 15
11 12 15 16  -  4x4, x: 0-3, y: 0-3

4
1 2 4 5
2 3 5 6
4 5 7 8
5 6 8 9	-	3x3, x: 0-2, y: 0-2

m
1 2 3 4
. \
.  | m - 2
. /
1 2 3 4