
| q*			| q			| |q*-q|		|
+-----------------------+-----------------------+-----------------------+
t = 0
| 0.00000000000000e+00	| 0.00000000000000e+00	| 0.00000000000000e+00	|
| 0.00000000000000e+00	| 0.00000000000000e+00	| 0.00000000000000e+00	|
| 0.00000000000000e+00	| 0.00000000000000e+00	| 0.00000000000000e+00	|
| 0.00000000000000e+00	| 0.00000000000000e+00	| 0.00000000000000e+00	|
| 0.00000000000000e+00	| 0.00000000000000e+00	| 0.00000000000000e+00	|
| 0.00000000000000e+00	| 0.00000000000000e+00	| 0.00000000000000e+00	|
| 0.00000000000000e+00	| 0.00000000000000e+00	| 0.00000000000000e+00	|
| 0.00000000000000e+00	| 0.00000000000000e+00	| 0.00000000000000e+00	|
| 0.00000000000000e+00	| 0.00000000000000e+00	| 0.00000000000000e+00	|
| 0.00000000000000e+00	| 0.00000000000000e+00	| 0.00000000000000e+00	|
| 0.00000000000000e+00	| 0.00000000000000e+00	| 0.00000000000000e+00	|
| 0.00000000000000e+00	| 0.00000000000000e+00	| 0.00000000000000e+00	|
| 0.00000000000000e+00	| 0.00000000000000e+00	| 0.00000000000000e+00	|
| 0.00000000000000e+00	| 0.00000000000000e+00	| 0.00000000000000e+00	|
| 0.00000000000000e+00	| 0.00000000000000e+00	| 0.00000000000000e+00	|
| 0.00000000000000e+00	| 0.00000000000000e+00	| 0.00000000000000e+00	|
+-----------------------+-----------------------+-----------------------+
t = 1.00000000000000e+00
| 0.00000000000000e+00	| 0.00000000000000e+00	| 0.00000000000000e+00	|
| 0.00000000000000e+00	| 0.00000000000000e+00	| 0.00000000000000e+00	|
| 0.00000000000000e+00	| 0.00000000000000e+00	| 0.00000000000000e+00	|
| 0.00000000000000e+00	| 0.00000000000000e+00	| 0.00000000000000e+00	|
| 0.00000000000000e+00	| 0.00000000000000e+00	| 0.00000000000000e+00	|
| 1.00000000000000e+00	| 1.00000000000000e+00	| 0.00000000000000e+00	|
| 2.00000000000000e+00	| 2.00000000000000e+00	| 0.00000000000000e+00	|
| 3.00000000000000e+00	| 3.00000000000000e+00	| 0.00000000000000e+00	|
| 0.00000000000000e+00	| 0.00000000000000e+00	| 0.00000000000000e+00	|
| 2.00000000000000e+00	| 2.00000000000000e+00	| 0.00000000000000e+00	|
| 4.00000000000000e+00	| 4.00000000000000e+00	| 0.00000000000000e+00	|
| 6.00000000000000e+00	| 6.00000000000000e+00	| 0.00000000000000e+00	|
| 0.00000000000000e+00	| 0.00000000000000e+00	| 0.00000000000000e+00	|
| 3.00000000000000e+00	| 3.00000000000000e+00	| 0.00000000000000e+00	|
| 6.00000000000000e+00	| 6.00000000000000e+00	| 0.00000000000000e+00	|
| 9.00000000000000e+00	| 9.00000000000000e+00	| 0.00000000000000e+00	|
+-----------------------+-----------------------+-----------------------+
t = 2.00000000000000e+00
| 0.00000000000000e+00	| 0.00000000000000e+00	| 0.00000000000000e+00	|
| 0.00000000000000e+00	| 1.33333333333333e+00	| 1.33333333333333e+00	|
| 0.00000000000000e+00	| 6.04743083003952e+00	| 6.04743083003952e+00	|
| 0.00000000000000e+00	| 0.00000000000000e+00	| 0.00000000000000e+00	|
| 0.00000000000000e+00	| 0.00000000000000e+00	| 0.00000000000000e+00	|
| 2.00000000000000e+00	| 2.37944664031621e+00	| 3.79446640316206e-01	|
| 4.00000000000000e+00	| 4.08366013071895e+00	| 8.36601307189548e-02	|
| 6.00000000000000e+00	| 6.00000000000000e+00	| 8.88178419700125e-16	|
| 0.00000000000000e+00	| 0.00000000000000e+00	| 0.00000000000000e+00	|
| 4.00000000000000e+00	| 4.00522875816993e+00	| 5.22875816993285e-03	|
| 8.00000000000000e+00	| 8.02371541501977e+00	| 2.37154150197654e-02	|
| 1.20000000000000e+01	| 1.20000000000000e+01	| 1.77635683940025e-15	|
| 0.00000000000000e+00	| 0.00000000000000e+00	| 0.00000000000000e+00	|
| 6.00000000000000e+00	| 6.00000000000000e+00	| 8.88178419700125e-16	|
| 1.20000000000000e+01	| 1.20000000000000e+01	| 1.77635683940025e-15	|
| 1.80000000000000e+01	| 1.80000000000000e+01	| 1.06581410364015e-14	|
+-----------------------+-----------------------+-----------------------+
t = 3.00000000000000e+00
| 0.00000000000000e+00	| 0.00000000000000e+00	| 0.00000000000000e+00	|
| 0.00000000000000e+00	| 2.00000000000000e+00	| 2.00000000000000e+00	|
| 0.00000000000000e+00	| 1.40481476659629e+01	| 1.40481476659629e+01	|
| 0.00000000000000e+00	| 0.00000000000000e+00	| 0.00000000000000e+00	|
| 0.00000000000000e+00	| 0.00000000000000e+00	| 0.00000000000000e+00	|
| 3.00000000000000e+00	| 4.38064778540300e+00	| 1.38064778540300e+00	|
| 6.00000000000000e+00	| 6.92279198270138e+00	| 9.22791982701384e-01	|
| 9.00000000000000e+00	| 9.00000000000000e+00	| 0.00000000000000e+00	|
| 0.00000000000000e+00	| 0.00000000000000e+00	| 0.00000000000000e+00	|
| 6.00000000000000e+00	| 6.10711806788500e+00	| 1.07118067884996e-01	|
| 1.20000000000000e+01	| 1.21172473987040e+01	| 1.17247398704023e-01	|
| 1.80000000000000e+01	| 1.80000000000000e+01	| 0.00000000000000e+00	|
| 0.00000000000000e+00	| 0.00000000000000e+00	| 0.00000000000000e+00	|
| 9.00000000000000e+00	| 9.00000000000000e+00	| 0.00000000000000e+00	|
| 1.80000000000000e+01	| 1.80000000000000e+01	| 0.00000000000000e+00	|
| 2.70000000000000e+01	| 2.70000000000000e+01	| 7.10542735760100e-15	|
+-----------------------+-----------------------+-----------------------+
t = 4.00000000000000e+00
| 0.00000000000000e+00	| 0.00000000000000e+00	| 0.00000000000000e+00	|
| 0.00000000000000e+00	| 2.66666666666667e+00	| 2.66666666666667e+00	|
| 0.00000000000000e+00	| 1.47999818850997e+01	| 1.47999818850997e+01	|
| 0.00000000000000e+00	| 0.00000000000000e+00	| 0.00000000000000e+00	|
| 0.00000000000000e+00	| 0.00000000000000e+00	| 0.00000000000000e+00	|
| 4.00000000000000e+00	| 7.66330057785065e+00	| 3.66330057785065e+00	|
| 8.00000000000000e+00	| 1.25795492219146e+01	| 4.57954922191460e+00	|
| 1.20000000000000e+01	| 1.20000000000000e+01	| 1.77635683940025e-15	|
| 0.00000000000000e+00	| 0.00000000000000e+00	| 0.00000000000000e+00	|
| 8.00000000000000e+00	| 8.66186558006243e+00	| 6.61865580062427e-01	|
| 1.60000000000000e+01	| 1.65189835268526e+01	| 5.18983526852608e-01	|
| 2.40000000000000e+01	| 2.40000000000000e+01	| 3.55271367880050e-15	|
| 0.00000000000000e+00	| 0.00000000000000e+00	| 0.00000000000000e+00	|
| 1.20000000000000e+01	| 1.20000000000000e+01	| 1.77635683940025e-15	|
| 2.40000000000000e+01	| 2.40000000000000e+01	| 3.55271367880050e-15	|
| 3.60000000000000e+01	| 3.60000000000000e+01	| 7.10542735760100e-15	|
+-----------------------+-----------------------+-----------------------+
